 0.0000000000000000e+00 6.5000000000000000e+00 1.2000000000000000e+01 2.2000000000000000e+01 0.0000000000000000e+00
2.4000000000000004e+00 6.6858281508526964e+00 1.1671475398727699e+01 2.2742259195754109e+01 2.2745197409668783e+00
4.8000000000000007e+00 6.8290101059257129e+00 1.1408437174288247e+01 2.3355546145697005e+01 4.3050827064592818e+00
7.1999999999999993e+00 6.9344394209420379e+00 1.1211084732994065e+01 2.3845065567906254e+01 6.1374005375277676e+00
9.6000000000000014e+00 7.0079620142497232e+00 1.1073478783201141e+01 2.4221997502066586e+01 7.8141587843092806e+00
1.2000000000000000e+01 7.0556956610481567e+00 1.0986377556819958e+01 2.4501063909979209e+01 9.3733111432638125e+00
1.4399999999999999e+01 7.0834831448771611e+00 1.0939396882757368e+01 2.4698422588756099e+01 1.0847196729034739e+01
1.6799999999999997e+01 7.0965309088306832e+00 1.0922466780641129e+01 2.4830060789069918e+01 1.2262328484385790e+01
1.9200000000000003e+01 7.0992265316079033e+00 1.0926673738885437e+01 2.4910721038467649e+01 1.3639663335652161e+01
2.1600000000000001e+01 7.0950962225204783e+00 1.0944636256975869e+01 2.4953296257962137e+01 1.4995171768219196e+01
2.4000000000000000e+01 7.0868549098520699e+00 1.0970567493969137e+01 2.4968587381589977e+01 1.6340556460733243e+01
2.6400000000000002e+01 7.0765070402806840e+00 1.1000154341449104e+01 2.4965311383953352e+01 1.7684009901325144e+01
2.8799999999999997e+01 7.0654672119338997e+00 1.1030347286016900e+01 2.4950263262880632e+01 1.9030938839224628e+01
3.1200000000000003e+01 7.0546808373539562e+00 1.1059122550726249e+01 2.4928558481387896e+01 2.0384614087262829e+01
3.3599999999999994e+01 7.0447338369031556e+00 1.1085252372339328e+01 2.4903904779885970e+01 2.1746726528966146e+01
3.6000000000000000e+01 7.0359464459063874e+00 1.1108101537457273e+01 2.4878870733860019e+01 2.3117845112593528e+01
3.8400000000000006e+01 7.0284499842645785e+00 1.1127457124032158e+01 2.4855132198732999e+01 2.4497781743608211e+01
4.0799999999999997e+01 7.0222475229687618e+00 1.1143391950560023e+01 2.4833687334764413e+01 2.5885872942928742e+01
4.3200000000000003e+01 7.0172603716492619e+00 1.1156158902877452e+01 2.4815037133828600e+01 2.7281190282044395e+01
4.5599999999999994e+01 7.0133626444992583e+00 1.1166111876787461e+01 2.4799332176285073e+01 2.8682691968632774e+01
4.8000000000000000e+01 7.0104061344885418e+00 1.1173648725612781e+01 2.4786488479501191e+01 3.0089327269469262e+01 